   frame             x             y             z          roll         pitch           yaw
       0      0.000000      0.000000      0.000000     -0.140776     -0.257320    179.965439
       1     -0.000040     -0.000299      0.066666     -0.140776     -0.257320    179.965439
       2     -0.000040     -0.000299      0.066666     -0.140776     -0.257320    179.965439
       3     -0.000080     -0.000599      0.133332     -0.140776     -0.257320    179.965439
       4     -0.000080     -0.000599      0.133332     -0.140776     -0.257320    179.965439
       5     -0.000080     -0.000599      0.133332     -0.140776     -0.257320    179.965439
       6     -0.000121     -0.000898      0.199998     -0.140776     -0.257320    179.965439
       7     -0.000121     -0.000898      0.199998     -0.140776     -0.257320    179.965439
       8     -0.000121     -0.000898      0.199998     -0.140776     -0.257320    179.965439
       9     -0.000161     -0.001198      0.266664     -0.140776     -0.257320    179.965439
      10     -0.000161     -0.001198      0.266664     -0.140776     -0.257320    179.965439
      11     -0.000161     -0.001198      0.266664     -0.140776     -0.257320    179.965439
      12     -0.000201     -0.001497      0.333330     -0.140776     -0.257320    179.965439
      13     -0.000201     -0.001497      0.333330     -0.140776     -0.257320    179.965439
      14     -0.000201     -0.001497      0.333330     -0.140776     -0.257320    179.965439
      15     -0.000241     -0.001796      0.399996     -0.140776     -0.257320    179.965439
      16     -0.000241     -0.001796      0.399996     -0.140776     -0.257320    179.965439
      17     -0.000241     -0.001796      0.399996     -0.140776     -0.257320    179.965439
      18     -0.000281     -0.002096      0.466662     -0.140776     -0.257320    179.965439
      19     -0.000281     -0.002096      0.466662     -0.140776     -0.257320    179.965439
      20     -0.000281     -0.002096      0.466662     -0.140776     -0.257320    179.965439
      21     -0.000322     -0.002395      0.533328     -0.140776     -0.257320    179.965439
      22     -0.000322     -0.002395      0.533328     -0.140776     -0.257320    179.965439
      23     -0.000322     -0.002395      0.533328     -0.140776     -0.257320    179.965439
      24     -0.000362     -0.002695      0.599994     -0.140776     -0.257320    179.965439
      25     -0.000362     -0.002695      0.599994     -0.140776     -0.257320    179.965439
      26     -0.000402     -0.002994      0.666660     -0.140776     -0.257320    179.965439
      27     -0.000402     -0.002994      0.666660     -0.140776     -0.257320    179.965439
      28     -0.000402     -0.002994      0.666660     -0.140776     -0.257320    179.965439
      29     -0.000442     -0.003293      0.733326     -0.140776     -0.257320    179.965439
      30     -0.000442     -0.003293      0.733326     -0.140776     -0.257320    179.965439
      31     -0.000442     -0.003293      0.733326     -0.140776     -0.257320    179.965439
      32     -0.000483     -0.003593      0.799992     -0.140776     -0.257320    179.965439
      33     -0.000483     -0.003593      0.799992     -0.140776     -0.257320    179.965439
      34     -0.000483     -0.003593      0.799992     -0.140776     -0.257320    179.965439
      35     -0.000523     -0.003892      0.866658     -0.140776     -0.257320    179.965439
      36     -0.000523     -0.003892      0.866658     -0.140776     -0.257320    179.965439
      37     -0.000523     -0.003892      0.866658     -0.140776     -0.257320    179.965439
      38     -0.000563     -0.004192      0.933324     -0.140776     -0.257320    179.965439
      39     -0.000563     -0.004192      0.933324     -0.140776     -0.257320    179.965439
      40     -0.000603     -0.004491      0.999990     -0.140776     -0.257320    179.965439
      41     -0.000603     -0.004491      0.999990     -0.140776     -0.257320    179.965439
      42     -0.000603     -0.004491      0.999990     -0.140776     -0.257320    179.965439
      43     -0.000643     -0.004790      1.066656     -0.140776     -0.257320    179.965439
      44     -0.000643     -0.004790      1.066656     -0.140776     -0.257320    179.965439
      45     -0.000643     -0.004790      1.066656     -0.140776     -0.257320    179.965439
      46     -0.000684     -0.005090      1.133322     -0.140776     -0.257320    179.965439
      47     -0.000684     -0.005090      1.133322     -0.140776     -0.257320    179.965439
      48     -0.000684     -0.005090      1.133322     -0.140776     -0.257320    179.965439
      49     -0.000724     -0.005389      1.199988     -0.140776     -0.257320    179.965439
      50     -0.000724     -0.005389      1.199988     -0.140776     -0.257320    179.965439
      51     -0.000764     -0.005689      1.266654     -0.140776     -0.257320    179.965439
      52     -0.000764     -0.005689      1.266654     -0.140776     -0.257320    179.965439
      53     -0.000764     -0.005689      1.266654     -0.140776     -0.257320    179.965439
      54     -0.000804     -0.005988      1.333320     -0.140776     -0.257320    179.965439
      55     -0.000804     -0.005988      1.333320     -0.140776     -0.257320    179.965439
      56     -0.000844     -0.006287      1.399986     -0.140776     -0.257320    179.965439
      57     -0.000844     -0.006287      1.399986     -0.140776     -0.257320    179.965439
      58     -0.000844     -0.006287      1.399986     -0.140776     -0.257320    179.965439
      59     -0.000885     -0.006587      1.466652     -0.140776     -0.257320    179.965439
      60     -0.000885     -0.006587      1.466652     -0.140776     -0.257320    179.965439
      61     -0.000925     -0.006886      1.533318     -0.140776     -0.257320    179.965439
      62     -0.000925     -0.006886      1.533318     -0.140776     -0.257320    179.965439
      63     -0.000925     -0.006886      1.533318     -0.140776     -0.257320    179.965439
      64     -0.000965     -0.007186      1.599984     -0.140776     -0.257320    179.965439
      65     -0.000965     -0.007186      1.599984     -0.140776     -0.257320    179.965439
      66     -0.001005     -0.007485      1.666650     -0.140776     -0.257320    179.965439
      67     -0.001005     -0.007485      1.666650     -0.140776     -0.257320    179.965439
      68     -0.001005     -0.007485      1.666650     -0.140776     -0.257320    179.965439
      69     -0.001046     -0.007785      1.733316     -0.140776     -0.257320    179.965439
      70     -0.001046     -0.007785      1.733316     -0.140776     -0.257320    179.965439
      71     -0.001046     -0.007785      1.733316     -0.140776     -0.257320    179.965439
      72     -0.001086     -0.008084      1.799982     -0.140776     -0.257320    179.965439
      73     -0.001086     -0.008084      1.799982     -0.140776     -0.257320    179.965439
      74     -0.001126     -0.008383      1.866648     -0.140776     -0.257320    179.965439
      75     -0.001126     -0.008383      1.866648     -0.140776     -0.257320    179.965439
      76     -0.001126     -0.008383      1.866648     -0.140776     -0.257320    179.965439
      77     -0.001166     -0.008683      1.933313     -0.140776     -0.257320    179.965439
      78     -0.001166     -0.008683      1.933313     -0.140776     -0.257320    179.965439
      79     -0.001206     -0.008982      1.999979     -0.140776     -0.257320    179.965439
      80     -0.001206     -0.008982      1.999979     -0.140776     -0.257320    179.965439
      81     -0.001206     -0.008982      1.999979     -0.140776     -0.257320    179.965439
      82     -0.001247     -0.009282      2.066645     -0.140776     -0.257320    179.965439
      83     -0.001247     -0.009282      2.066645     -0.140776     -0.257320    179.965439
      84     -0.001287     -0.009581      2.133311     -0.140776     -0.257320    179.965439
      85     -0.001287     -0.009581      2.133311     -0.140776     -0.257320    179.965439
      86     -0.001287     -0.009581      2.133311     -0.140776     -0.257320    179.965439
      87     -0.001327     -0.009880      2.199977     -0.140776     -0.257320    179.965439
      88     -0.001327     -0.009880      2.199977     -0.140776     -0.257320    179.965439
      89     -0.001367     -0.010180      2.266643     -0.140776     -0.257320    179.965439
      90     -0.001367     -0.010180      2.266643     -0.140776     -0.257320    179.965439
      91     -0.001367     -0.010180      2.266643     -0.140776     -0.257320    179.965439
      92     -0.001407     -0.010479      2.333309     -0.140776     -0.257320    179.965439
      93     -0.001407     -0.010479      2.333309     -0.140776     -0.257320    179.965439
      94     -0.001448     -0.010779      2.399975     -0.140776     -0.257320    179.965439
      95     -0.001448     -0.010779      2.399975     -0.140776     -0.257320    179.965439
      96     -0.001488     -0.011078      2.466641     -0.140776     -0.257320    179.965439
      97     -0.001488     -0.011078      2.466641     -0.140776     -0.257320    179.965439
      98     -0.001488     -0.011078      2.466641     -0.140776     -0.257320    179.965439
      99     -0.001528     -0.011377      2.533307     -0.140776     -0.257320    179.965439
     100     -0.001528     -0.011377      2.533307     -0.140776     -0.257320    179.965439
     101     -0.001528     -0.011377      2.533307     -0.140776     -0.257320    179.965439
     102     -0.001568     -0.011677      2.599973     -0.140776     -0.257320    179.965439
     103     -0.001568     -0.011677      2.599973     -0.140776     -0.257320    179.965439
     104     -0.001609     -0.011976      2.666639     -0.140776     -0.257320    179.965439
     105     -0.001609     -0.011976      2.666639     -0.140776     -0.257320    179.965439
     106     -0.001609     -0.011976      2.666639     -0.140776     -0.257320    179.965439
     107     -0.001649     -0.012276      2.733305     -0.140776     -0.257320    179.965439
     108     -0.001649     -0.012276      2.733305     -0.140776     -0.257320    179.965439
     109     -0.001689     -0.012575      2.799971     -0.140776     -0.257320    179.965439
     110     -0.001689     -0.012575      2.799971     -0.140776     -0.257320    179.965439
     111     -0.001689     -0.012575      2.799971     -0.140776     -0.257320    179.965439
     112     -0.001729     -0.012874      2.866637     -0.140776     -0.257320    179.965439
     113     -0.001729     -0.012874      2.866637     -0.140776     -0.257320    179.965439
     114     -0.001769     -0.013174      2.933303     -0.140776     -0.257320    179.965439
     115     -0.001769     -0.013174      2.933303     -0.140776     -0.257320    179.965439
     116     -0.001769     -0.013174      2.933303     -0.140776     -0.257320    179.965439
     117     -0.001810     -0.013473      2.999969     -0.140776     -0.257320    179.965439
     118     -0.001810     -0.013473      2.999969     -0.140776     -0.257320    179.965439
     119     -0.001850     -0.013773      3.066635     -0.140776     -0.257320    179.965439
     120     -0.001850     -0.013773      3.066635     -0.140776     -0.257320    179.965439
     121     -0.001850     -0.013773      3.066635     -0.140776     -0.257320    179.965439
     122     -0.001890     -0.014072      3.133301     -0.140776     -0.257320    179.965439
     123     -0.001890     -0.014072      3.133301     -0.140776     -0.257320    179.965439
     124     -0.001930     -0.014371      3.199967     -0.140776     -0.257320    179.965439
     125     -0.001930     -0.014371      3.199967     -0.140776     -0.257320    179.965439
     126     -0.001930     -0.014371      3.199967     -0.140776     -0.257320    179.965439
     127     -0.001970     -0.014671      3.266633     -0.140776     -0.257320    179.965439
     128     -0.001970     -0.014671      3.266633     -0.140776     -0.257320    179.965439
     129     -0.002011     -0.014970      3.333299     -0.140776     -0.257320    179.965439
     130     -0.002011     -0.014970      3.333299     -0.140776     -0.257320    179.965439
     131     -0.002011     -0.014970      3.333299     -0.140776     -0.257320    179.965439
     132     -0.002051     -0.015270      3.399965     -0.140776     -0.257320    179.965439
     133     -0.002051     -0.015270      3.399965     -0.140776     -0.257320    179.965439
     134     -0.002051     -0.015270      3.399965     -0.140776     -0.257320    179.965439
     135     -0.002091     -0.015569      3.466631     -0.140776     -0.257320    179.965439
     136     -0.002091     -0.015569      3.466631     -0.140776     -0.257320    179.965439
     137     -0.002131     -0.015868      3.533297     -0.140776     -0.257320    179.965439
     138     -0.002131     -0.015868      3.533297     -0.140776     -0.257320    179.965439
     139     -0.002131     -0.015868      3.533297     -0.140776     -0.257320    179.965439
     140     -0.002172     -0.016168      3.599963     -0.140776     -0.257320    179.965439
     141     -0.002172     -0.016168      3.599963     -0.140776     -0.257320    179.965439
     142     -0.002172     -0.016168      3.599963     -0.140776     -0.257320    179.965439
     143     -0.002212     -0.016467      3.666629     -0.140776     -0.257320    179.965439
     144     -0.002212     -0.016467      3.666629     -0.140776     -0.257320    179.965439
     145     -0.002212     -0.016467      3.666629     -0.140776     -0.257320    179.965439
     146     -0.002252     -0.016767      3.733295     -0.140776     -0.257320    179.965439
     147     -0.002252     -0.016767      3.733295     -0.140776     -0.257320    179.965439
     148     -0.002292     -0.017066      3.799961     -0.140776     -0.257320    179.965439
     149     -0.002292     -0.017066      3.799961     -0.140776     -0.257320    179.965439
     150     -0.002292     -0.017066      3.799961     -0.140776     -0.257320    179.965439
     151     -0.002332     -0.017365      3.866627     -0.140776     -0.257320    179.965439
     152     -0.002332     -0.017365      3.866627     -0.140776     -0.257320    179.965439
     153     -0.002332     -0.017365      3.866627     -0.140776     -0.257320    179.965439
     154     -0.002373     -0.017665      3.933293     -0.140776     -0.257320    179.965439
     155     -0.002373     -0.017665      3.933293     -0.140776     -0.257320    179.965439
     156     -0.002373     -0.017665      3.933293     -0.140776     -0.257320    179.965439
     157     -0.002413     -0.017964      3.999959     -0.140776     -0.257320    179.965439
     158     -0.002413     -0.017964      3.999959     -0.140776     -0.257320    179.965439
     159     -0.002413     -0.017964      3.999959     -0.140776     -0.257320    179.965439
     160     -0.002453     -0.018264      4.066625     -0.140776     -0.257320    179.965439
     161     -0.002453     -0.018264      4.066625     -0.140776     -0.257320    179.965439
     162     -0.002493     -0.018563      4.133291     -0.140776     -0.257320    179.965439
     163     -0.002493     -0.018563      4.133291     -0.140776     -0.257320    179.965439
     164     -0.002493     -0.018563      4.133291     -0.140776     -0.257320    179.965439
     165     -0.002493     -0.018563      4.133291     -0.154050     -0.249600   -177.034542
     166     -0.002493     -0.018563      4.133291     -0.154050     -0.249600   -177.034542
     167     -0.002493     -0.018563      4.133291     -0.154050     -0.249600   -177.034542
     168     -0.002493     -0.018563      4.133291     -0.166902     -0.241195   -174.034526
     169     -0.002493     -0.018563      4.133291     -0.166902     -0.241195   -174.034526
     170     -0.002493     -0.018563      4.133291     -0.166902     -0.241195   -174.034526
     171     -0.002493     -0.018563      4.133291     -0.179296     -0.232130   -171.034514
     172     -0.002493     -0.018563      4.133291     -0.179296     -0.232130   -171.034514
     173     -0.002493     -0.018563      4.133291     -0.191199     -0.222428   -168.034506
     174     -0.002493     -0.018563      4.133291     -0.191199     -0.222428   -168.034506
     175     -0.002493     -0.018563      4.133291     -0.191199     -0.222428   -168.034506
     176     -0.002493     -0.018563      4.133291     -0.202578     -0.212117   -165.034503
     177     -0.002493     -0.018563      4.133291     -0.202578     -0.212117   -165.034503
     178     -0.002493     -0.018563      4.133291     -0.202578     -0.212117   -165.034503
     179     -0.002493     -0.018563      4.133291     -0.213402     -0.201224   -162.034503
     180     -0.002493     -0.018563      4.133291     -0.213402     -0.201224   -162.034503
     181     -0.002493     -0.018563      4.133291     -0.213402     -0.201224   -162.034503
     182     -0.002493     -0.018563      4.133291     -0.223641     -0.189780   -159.034507
     183     -0.002493     -0.018563      4.133291     -0.223641     -0.189780   -159.034507
     184     -0.002493     -0.018563      4.133291     -0.223641     -0.189780   -159.034507
     185     -0.002493     -0.018563      4.133291     -0.233266     -0.177815   -156.034516
     186     -0.002493     -0.018563      4.133291     -0.233266     -0.177815   -156.034516
     187     -0.002493     -0.018563      4.133291     -0.242253     -0.165363   -153.034528
     188     -0.002493     -0.018563      4.133291     -0.242253     -0.165363   -153.034528
     189     -0.002493     -0.018563      4.133291     -0.242253     -0.165363   -153.034528
     190     -0.002493     -0.018563      4.133291     -0.250575     -0.152458   -150.034544
     191     -0.002493     -0.018563      4.133291     -0.250575     -0.152458   -150.034544
     192     -0.002493     -0.018563      4.133291     -0.250575     -0.152458   -150.034544
     193     -0.002493     -0.018563      4.133291     -0.258211     -0.139135   -147.034564
     194     -0.002493     -0.018563      4.133291     -0.258211     -0.139135   -147.034564
     195     -0.002493     -0.018563      4.133291     -0.265139     -0.125431   -144.034587
     196     -0.002493     -0.018563      4.133291     -0.265139     -0.125431   -144.034587
     197     -0.002493     -0.018563      4.133291     -0.265139     -0.125431   -144.034587
     198     -0.002493     -0.018563      4.133291     -0.271340     -0.111383   -141.034614
     199     -0.002493     -0.018563      4.133291     -0.271340     -0.111383   -141.034614
     200     -0.002493     -0.018563      4.133291     -0.271340     -0.111383   -141.034614
     201     -0.002493     -0.018563      4.133291     -0.276797     -0.097029   -138.034643
     202     -0.002493     -0.018563      4.133291     -0.276797     -0.097029   -138.034643
     203     -0.002493     -0.018563      4.133291     -0.276797     -0.097029   -138.034643
     204     -0.002493     -0.018563      4.133291     -0.281496     -0.082410   -135.034675
     205     -0.002493     -0.018563      4.133291     -0.281496     -0.082410   -135.034675
     206     -0.002493     -0.018563      4.133291     -0.285423     -0.067565   -132.034709
     207     -0.002493     -0.018563      4.133291     -0.285423     -0.067565   -132.034709
     208     -0.002493     -0.018563      4.133291     -0.285423     -0.067565   -132.034709
     209     -0.002493     -0.018563      4.133291     -0.288568     -0.052534   -129.034745
     210     -0.002493     -0.018563      4.133291     -0.288568     -0.052534   -129.034745
     211     -0.002493     -0.018563      4.133291     -0.288568     -0.052534   -129.034745
     212     -0.002493     -0.018563      4.133291     -0.290922     -0.037360   -126.034783
     213     -0.002493     -0.018563      4.133291     -0.290922     -0.037360   -126.034783
     214     -0.002493     -0.018563      4.133291     -0.290922     -0.037360   -126.034783
     215     -0.002493     -0.018563      4.133291     -0.292478     -0.022083   -123.034821
     216     -0.002493     -0.018563      4.133291     -0.292478     -0.022083   -123.034821
     217     -0.002493     -0.018563      4.133291     -0.293233     -0.006746   -120.034860
     218     -0.002493     -0.018563      4.133291     -0.293233     -0.006746   -120.034860
     219     -0.002493     -0.018563      4.133291     -0.293233     -0.006746   -120.034860
     220     -0.002493     -0.018563      4.133291     -0.293185      0.008610   -117.034900
     221     -0.002493     -0.018563      4.133291     -0.293185      0.008610   -117.034900
     222     -0.002493     -0.018563      4.133291     -0.292332      0.023942   -114.034939
     223     -0.002493     -0.018563      4.133291     -0.292332      0.023942   -114.034939
     224     -0.002493     -0.018563      4.133291     -0.292332      0.023942   -114.034939
     225     -0.002493     -0.018563      4.133291     -0.290678      0.039209   -111.034977
     226     -0.002493     -0.018563      4.133291     -0.290678      0.039209   -111.034977
     227     -0.002493     -0.018563      4.133291     -0.288228      0.054368   -108.035014
     228     -0.002493     -0.018563      4.133291     -0.288228      0.054368   -108.035014
     229     -0.002493     -0.018563      4.133291     -0.288228      0.054368   -108.035014
     230     -0.002493     -0.018563      4.133291     -0.284988      0.069378   -105.035050
     231     -0.002493     -0.018563      4.133291     -0.284988      0.069378   -105.035050
     232     -0.002493     -0.018563      4.133291     -0.280966      0.084198   -102.035084
     233     -0.002493     -0.018563      4.133291     -0.280966      0.084198   -102.035084
     234     -0.002493     -0.018563      4.133291     -0.280966      0.084198   -102.035084
     235     -0.002493     -0.018563      4.133291     -0.276175      0.098787    -99.035116
     236     -0.002493     -0.018563      4.133291     -0.276175      0.098787    -99.035116
     237     -0.002493     -0.018563      4.133291     -0.276175      0.098787    -99.035116
     238     -0.002493     -0.018563      4.133291     -0.270626      0.113106    -96.035145
     239     -0.002493     -0.018563      4.133291     -0.270626      0.113106    -96.035145
     240     -0.002493     -0.018563      4.133291     -0.270626      0.113106    -96.035145
     241     -0.002493     -0.018563      4.133291     -0.264336      0.127114    -93.035171
     242     -0.002493     -0.018563      4.133291     -0.264336      0.127114    -93.035171
     243     -0.002493     -0.018563      4.133291     -0.257321      0.140774    -90.035194
     244     -0.002493     -0.018563      4.133291     -0.257321      0.140774    -90.035194
     245     -0.002493     -0.018563      4.133291     -0.257321      0.140774    -90.035194
     246     -0.002493     -0.018563      4.133291     -0.249601      0.154048    -87.035213
     247     -0.002493     -0.018563      4.133291     -0.249601      0.154048    -87.035213
     248     -0.002493     -0.018563      4.133291     -0.249601      0.154048    -87.035213
     249      0.064084     -0.018384      4.129843     -0.249601      0.154048    -87.035213
     250      0.064084     -0.018384      4.129843     -0.249601      0.154048    -87.035213
     251      0.064084     -0.018384      4.129843     -0.249601      0.154048    -87.035213
     252      0.130661     -0.018205      4.126395     -0.249601      0.154048    -87.035213
     253      0.130661     -0.018205      4.126395     -0.249601      0.154048    -87.035213
     254      0.130661     -0.018205      4.126395     -0.249601      0.154048    -87.035213
     255      0.197238     -0.018025      4.122946     -0.249601      0.154048    -87.035213
     256      0.197238     -0.018025      4.122946     -0.249601      0.154048    -87.035213
     257      0.197238     -0.018025      4.122946     -0.249601      0.154048    -87.035213
     258      0.263816     -0.017846      4.119498     -0.249601      0.154048    -87.035213
     259      0.263816     -0.017846      4.119498     -0.249601      0.154048    -87.035213
     260      0.330393     -0.017667      4.116050     -0.249601      0.154048    -87.035213
     261      0.330393     -0.017667      4.116050     -0.249601      0.154048    -87.035213
     262      0.330393     -0.017667      4.116050     -0.249601      0.154048    -87.035213
     263      0.396970     -0.017488      4.112602     -0.249601      0.154048    -87.035213
     264      0.396970     -0.017488      4.112602     -0.249601      0.154048    -87.035213
     265      0.396970     -0.017488      4.112602     -0.249601      0.154048    -87.035213
     266      0.463547     -0.017308      4.109154     -0.249601      0.154048    -87.035213
     267      0.463547     -0.017308      4.109154     -0.249601      0.154048    -87.035213
     268      0.463547     -0.017308      4.109154     -0.249601      0.154048    -87.035213
     269      0.530124     -0.017129      4.105706     -0.249601      0.154048    -87.035213
     270      0.530124     -0.017129      4.105706     -0.249601      0.154048    -87.035213
     271      0.530124     -0.017129      4.105706     -0.249601      0.154048    -87.035213
     272      0.596701     -0.016950      4.102258     -0.249601      0.154048    -87.035213
     273      0.596701     -0.016950      4.102258     -0.249601      0.154048    -87.035213
     274      0.663279     -0.016771      4.098810     -0.249601      0.154048    -87.035213
     275      0.663279     -0.016771      4.098810     -0.249601      0.154048    -87.035213
     276      0.663279     -0.016771      4.098810     -0.249601      0.154048    -87.035213
     277      0.729856     -0.016591      4.095361     -0.249601      0.154048    -87.035213
     278      0.729856     -0.016591      4.095361     -0.249601      0.154048    -87.035213
     279      0.796433     -0.016412      4.091913     -0.249601      0.154048    -87.035213
     280      0.796433     -0.016412      4.091913     -0.249601      0.154048    -87.035213
     281      0.796433     -0.016412      4.091913     -0.249601      0.154048    -87.035213
     282      0.863010     -0.016233      4.088465     -0.249601      0.154048    -87.035213
     283      0.863010     -0.016233      4.088465     -0.249601      0.154048    -87.035213
     284      0.863010     -0.016233      4.088465     -0.249601      0.154048    -87.035213
     285      0.929587     -0.016054      4.085017     -0.249601      0.154048    -87.035213
     286      0.929587     -0.016054      4.085017     -0.249601      0.154048    -87.035213
     287      0.929587     -0.016054      4.085017     -0.249601      0.154048    -87.035213
     288      0.996165     -0.015874      4.081569     -0.249601      0.154048    -87.035213
     289      0.996165     -0.015874      4.081569     -0.249601      0.154048    -87.035213
     290      1.062742     -0.015695      4.078121     -0.249601      0.154048    -87.035213
     291      1.062742     -0.015695      4.078121     -0.249601      0.154048    -87.035213
     292      1.062742     -0.015695      4.078121     -0.249601      0.154048    -87.035213
     293      1.129319     -0.015516      4.074673     -0.249601      0.154048    -87.035213
     294      1.129319     -0.015516      4.074673     -0.249601      0.154048    -87.035213
     295      1.129319     -0.015516      4.074673     -0.249601      0.154048    -87.035213
     296      1.195896     -0.015337      4.071224     -0.249601      0.154048    -87.035213
     297      1.195896     -0.015337      4.071224     -0.249601      0.154048    -87.035213
     298      1.262473     -0.015157      4.067776     -0.249601      0.154048    -87.035213
     299      1.262473     -0.015157      4.067776     -0.249601      0.154048    -87.035213
     300      1.262473     -0.015157      4.067776     -0.249601      0.154048    -87.035213
     301      1.329051     -0.014978      4.064328     -0.249601      0.154048    -87.035213
     302      1.329051     -0.014978      4.064328     -0.249601      0.154048    -87.035213
     303      1.329051     -0.014978      4.064328     -0.249601      0.154048    -87.035213
     304      1.395628     -0.014799      4.060880     -0.249601      0.154048    -87.035213
     305      1.395628     -0.014799      4.060880     -0.249601      0.154048    -87.035213
     306      1.462205     -0.014620      4.057432     -0.249601      0.154048    -87.035213
     307      1.462205     -0.014620      4.057432     -0.249601      0.154048    -87.035213
     308      1.462205     -0.014620      4.057432     -0.249601      0.154048    -87.035213
     309      1.528782     -0.014440      4.053984     -0.249601      0.154048    -87.035213
     310      1.528782     -0.014440      4.053984     -0.249601      0.154048    -87.035213
     311      1.528782     -0.014440      4.053984     -0.249601      0.154048    -87.035213
     312      1.595359     -0.014261      4.050536     -0.249601      0.154048    -87.035213
     313      1.595359     -0.014261      4.050536     -0.249601      0.154048    -87.035213
     314      1.661937     -0.014082      4.047088     -0.249601      0.154048    -87.035213
     315      1.661937     -0.014082      4.047088     -0.249601      0.154048    -87.035213
     316      1.661937     -0.014082      4.047088     -0.249601      0.154048    -87.035213
     317      1.728514     -0.013903      4.043639     -0.249601      0.154048    -87.035213
     318      1.728514     -0.013903      4.043639     -0.249601      0.154048    -87.035213
     319      1.795091     -0.013724      4.040191     -0.249601      0.154048    -87.035213
     320      1.795091     -0.013724      4.040191     -0.249601      0.154048    -87.035213
     321      1.795091     -0.013724      4.040191     -0.249601      0.154048    -87.035213
     322      1.861668     -0.013544      4.036743     -0.249601      0.154048    -87.035213
     323      1.861668     -0.013544      4.036743     -0.249601      0.154048    -87.035213
     324      1.928245     -0.013365      4.033295     -0.249601      0.154048    -87.035213
     325      1.928245     -0.013365      4.033295     -0.249601      0.154048    -87.035213
     326      1.928245     -0.013365      4.033295     -0.249601      0.154048    -87.035213
     327      1.994823     -0.013186      4.029847     -0.249601      0.154048    -87.035213
     328      1.994823     -0.013186      4.029847     -0.249601      0.154048    -87.035213
     329      1.994823     -0.013186      4.029847     -0.249601      0.154048    -87.035213
     330      2.061400     -0.013007      4.026399     -0.249601      0.154048    -87.035213
     331      2.061400     -0.013007      4.026399     -0.249601      0.154048    -87.035213
     332      2.061400     -0.013007      4.026399     -0.241196      0.166900    -84.035229
     333      2.061400     -0.013007      4.026399     -0.241196      0.166900    -84.035229
     334      2.061400     -0.013007      4.026399     -0.241196      0.166900    -84.035229
     335      2.061400     -0.013007      4.026399     -0.232131      0.179295    -81.035241
     336      2.061400     -0.013007      4.026399     -0.232131      0.179295    -81.035241
     337      2.061400     -0.013007      4.026399     -0.222429      0.191198    -78.035249
     338      2.061400     -0.013007      4.026399     -0.222429      0.191198    -78.035249
     339      2.061400     -0.013007      4.026399     -0.222429      0.191198    -78.035249
     340      2.061400     -0.013007      4.026399     -0.212118      0.202577    -75.035253
     341      2.061400     -0.013007      4.026399     -0.212118      0.202577    -75.035253
     342      2.061400     -0.013007      4.026399     -0.212118      0.202577    -75.035253
     343      2.061400     -0.013007      4.026399     -0.201225      0.213401    -72.035252
     344      2.061400     -0.013007      4.026399     -0.201225      0.213401    -72.035252
     345      2.061400     -0.013007      4.026399     -0.201225      0.213401    -72.035252
     346      2.061400     -0.013007      4.026399     -0.189781      0.223640    -69.035248
     347      2.061400     -0.013007      4.026399     -0.189781      0.223640    -69.035248
     348      2.061400     -0.013007      4.026399     -0.177817      0.233265    -66.035239
     349      2.061400     -0.013007      4.026399     -0.177817      0.233265    -66.035239
     350      2.061400     -0.013007      4.026399     -0.177817      0.233265    -66.035239
     351      2.061400     -0.013007      4.026399     -0.165365      0.242252    -63.035227
     352      2.061400     -0.013007      4.026399     -0.165365      0.242252    -63.035227
     353      2.061400     -0.013007      4.026399     -0.165365      0.242252    -63.035227
     354      2.061400     -0.013007      4.026399     -0.152460      0.250574    -60.035211
     355      2.061400     -0.013007      4.026399     -0.152460      0.250574    -60.035211
     356      2.061400     -0.013007      4.026399     -0.152460      0.250574    -60.035211
     357      2.061400     -0.013007      4.026399     -0.139137      0.258210    -57.035191
     358      2.061400     -0.013007      4.026399     -0.139137      0.258210    -57.035191
     359      2.061400     -0.013007      4.026399     -0.139137      0.258210    -57.035191
     360      2.061400     -0.013007      4.026399     -0.125432      0.265138    -54.035168
     361      2.061400     -0.013007      4.026399     -0.125432      0.265138    -54.035168
     362      2.061400     -0.013007      4.026399     -0.125432      0.265138    -54.035168
     363      2.061400     -0.013007      4.026399     -0.111384      0.271339    -51.035141
     364      2.061400     -0.013007      4.026399     -0.111384      0.271339    -51.035141
     365      2.061400     -0.013007      4.026399     -0.111384      0.271339    -51.035141
     366      2.061400     -0.013007      4.026399     -0.097030      0.276797    -48.035112
     367      2.061400     -0.013007      4.026399     -0.097030      0.276797    -48.035112
     368      2.061400     -0.013007      4.026399     -0.097030      0.276797    -48.035112
     369      2.061400     -0.013007      4.026399     -0.097030      0.276797    -48.035112
     370      2.061400     -0.013007      4.026399     -0.082411      0.281496    -45.035080
     371      2.061400     -0.013007      4.026399     -0.082411      0.281496    -45.035080
     372      2.061400     -0.013007      4.026399     -0.067565      0.285423    -42.035046
     373      2.061400     -0.013007      4.026399     -0.067565      0.285423    -42.035046
     374      2.061400     -0.013007      4.026399     -0.067565      0.285423    -42.035046
     375      2.061400     -0.013007      4.026399     -0.067565      0.285423    -42.035046
     376      2.061400     -0.013007      4.026399     -0.052535      0.288568    -39.035010
     377      2.061400     -0.013007      4.026399     -0.052535      0.288568    -39.035010
     378      2.061400     -0.013007      4.026399     -0.052535      0.288568    -39.035010
     379      2.061400     -0.013007      4.026399     -0.037360      0.290922    -36.034972
     380      2.061400     -0.013007      4.026399     -0.037360      0.290922    -36.034972
     381      2.061400     -0.013007      4.026399     -0.037360      0.290922    -36.034972
     382      2.061400     -0.013007      4.026399     -0.037360      0.290922    -36.034972
     383      2.061400     -0.013007      4.026399     -0.022083      0.292478    -33.034934
     384      2.061400     -0.013007      4.026399     -0.022083      0.292478    -33.034934
     385      2.061400     -0.013007      4.026399     -0.022083      0.292478    -33.034934
     386      2.061400     -0.013007      4.026399     -0.006746      0.293233    -30.034895
     387      2.061400     -0.013007      4.026399     -0.006746      0.293233    -30.034895
     388      2.061400     -0.013007      4.026399     -0.006746      0.293233    -30.034895
     389      2.061400     -0.013007      4.026399      0.008610      0.293185    -27.034855
     390      2.061400     -0.013007      4.026399      0.008610      0.293185    -27.034855
     391      2.061400     -0.013007      4.026399      0.008610      0.293185    -27.034855
     392      2.061400     -0.013007      4.026399      0.008610      0.293185    -27.034855
     393      2.061400     -0.013007      4.026399      0.023943      0.292332    -24.034816
     394      2.061400     -0.013007      4.026399      0.023943      0.292332    -24.034816
     395      2.061400     -0.013007      4.026399      0.023943      0.292332    -24.034816
     396      2.061400     -0.013007      4.026399      0.023943      0.292332    -24.034816
     397      2.061400     -0.013007      4.026399      0.039210      0.290678    -21.034778
     398      2.061400     -0.013007      4.026399      0.039210      0.290678    -21.034778
     399      2.061400     -0.013007      4.026399      0.039210      0.290678    -21.034778
     400      2.061400     -0.013007      4.026399      0.054369      0.288228    -18.034741
     401      2.061400     -0.013007      4.026399      0.054369      0.288228    -18.034741
     402      2.061400     -0.013007      4.026399      0.054369      0.288228    -18.034741
     403      2.061400     -0.013007      4.026399      0.069379      0.284987    -15.034705
     404      2.061400     -0.013007      4.026399      0.069379      0.284987    -15.034705
     405      2.061400     -0.013007      4.026399      0.069379      0.284987    -15.034705
     406      2.061400     -0.013007      4.026399      0.069379      0.284987    -15.034705
     407      2.061400     -0.013007      4.026399      0.084199      0.280966    -12.034671
     408      2.061400     -0.013007      4.026399      0.084199      0.280966    -12.034671
     409      2.061400     -0.013007      4.026399      0.084199      0.280966    -12.034671
     410      2.061400     -0.013007      4.026399      0.084199      0.280966    -12.034671
     411      2.061400     -0.013007      4.026399      0.098789      0.276174     -9.034639
     412      2.061400     -0.013007      4.026399      0.098789      0.276174     -9.034639
     413      2.061400     -0.013007      4.026399      0.098789      0.276174     -9.034639
     414      2.061400     -0.013007      4.026399      0.098789      0.276174     -9.034639
     415      2.061400     -0.013007      4.026399      0.113107      0.270626     -6.034610
     416      2.061400     -0.013007      4.026399      0.113107      0.270626     -6.034610
     417      2.061400     -0.013007      4.026399      0.113107      0.270626     -6.034610
     418      2.061400     -0.013007      4.026399      0.113107      0.270626     -6.034610
     419      2.061400     -0.013007      4.026399      0.127116      0.264335     -3.034584
     420      2.061400     -0.013007      4.026399      0.127116      0.264335     -3.034584
     421      2.061400     -0.013007      4.026399      0.127116      0.264335     -3.034584
     422      2.061400     -0.013007      4.026399      0.140776      0.257320     -0.034561
     423      2.061400     -0.013007      4.026399      0.140776      0.257320     -0.034561
     424      2.061400     -0.013007      4.026399      0.140776      0.257320     -0.034561
     425      2.061400     -0.013007      4.026399      0.140776      0.257320     -0.034561
     426      2.061400     -0.013007      4.026399      0.154050      0.249600      2.965458
     427      2.061400     -0.013007      4.026399      0.154050      0.249600      2.965458
     428      2.061400     -0.013007      4.026399      0.154050      0.249600      2.965458
     429      2.061400     -0.013007      4.026399      0.154050      0.249600      2.965458
     430      2.061400     -0.013007      4.026399      0.166902      0.241195      5.965474
     431      2.061400     -0.013007      4.026399      0.166902      0.241195      5.965474
     432      2.061400     -0.013007      4.026399      0.166902      0.241195      5.965474
     433      2.061400     -0.013007      4.026399      0.166902      0.241195      5.965474
     434      2.054471     -0.012726      3.960094      0.166902      0.241195      5.965474
     435      2.054471     -0.012726      3.960094      0.166902      0.241195      5.965474
     436      2.054471     -0.012726      3.960094      0.166902      0.241195      5.965474
     437      2.047543     -0.012445      3.893789      0.166902      0.241195      5.965474
     438      2.047543     -0.012445      3.893789      0.166902      0.241195      5.965474
     439      2.047543     -0.012445      3.893789      0.166902      0.241195      5.965474
     440      2.047543     -0.012445      3.893789      0.166902      0.241195      5.965474
     441      2.040614     -0.012165      3.827484      0.166902      0.241195      5.965474
     442      2.040614     -0.012165      3.827484      0.166902      0.241195      5.965474
     443      2.040614     -0.012165      3.827484      0.166902      0.241195      5.965474
     444      2.040614     -0.012165      3.827484      0.166902      0.241195      5.965474
     445      2.033686     -0.011884      3.761178      0.166902      0.241195      5.965474
     446      2.033686     -0.011884      3.761178      0.166902      0.241195      5.965474
     447      2.033686     -0.011884      3.761178      0.166902      0.241195      5.965474
     448      2.033686     -0.011884      3.761178      0.166902      0.241195      5.965474
     449      2.026757     -0.011603      3.694873      0.166902      0.241195      5.965474
     450      2.026757     -0.011603      3.694873      0.166902      0.241195      5.965474
     451      2.026757     -0.011603      3.694873      0.166902      0.241195      5.965474
     452      2.019828     -0.011323      3.628568      0.166902      0.241195      5.965474
     453      2.019828     -0.011323      3.628568      0.166902      0.241195      5.965474
     454      2.019828     -0.011323      3.628568      0.166902      0.241195      5.965474
     455      2.019828     -0.011323      3.628568      0.166902      0.241195      5.965474
     456      2.012900     -0.011042      3.562263      0.166902      0.241195      5.965474
     457      2.012900     -0.011042      3.562263      0.166902      0.241195      5.965474
     458      2.012900     -0.011042      3.562263      0.166902      0.241195      5.965474
     459      2.012900     -0.011042      3.562263      0.166902      0.241195      5.965474
     460      2.005971     -0.010761      3.495958      0.166902      0.241195      5.965474
     461      2.005971     -0.010761      3.495958      0.166902      0.241195      5.965474
     462      2.005971     -0.010761      3.495958      0.166902      0.241195      5.965474
     463      1.999043     -0.010481      3.429653      0.166902      0.241195      5.965474
     464      1.999043     -0.010481      3.429653      0.166902      0.241195      5.965474
     465      1.992114     -0.010200      3.363348      0.166902      0.241195      5.965474
     466      1.992114     -0.010200      3.363348      0.166902      0.241195      5.965474
     467      1.992114     -0.010200      3.363348      0.166902      0.241195      5.965474
     468      1.992114     -0.010200      3.363348      0.166902      0.241195      5.965474
     469      1.985186     -0.009919      3.297043      0.166902      0.241195      5.965474
     470      1.985186     -0.009919      3.297043      0.166902      0.241195      5.965474
     471      1.985186     -0.009919      3.297043      0.166902      0.241195      5.965474
     472      1.985186     -0.009919      3.297043      0.166902      0.241195      5.965474
     473      1.978257     -0.009639      3.230738      0.166902      0.241195      5.965474
     474      1.978257     -0.009639      3.230738      0.166902      0.241195      5.965474
     475      1.978257     -0.009639      3.230738      0.166902      0.241195      5.965474
     476      1.971329     -0.009358      3.164433      0.166902      0.241195      5.965474
     477      1.971329     -0.009358      3.164433      0.166902      0.241195      5.965474
     478      1.971329     -0.009358      3.164433      0.166902      0.241195      5.965474
     479      1.964400     -0.009078      3.098128      0.166902      0.241195      5.965474
     480      1.964400     -0.009078      3.098128      0.166902      0.241195      5.965474
     481      1.964400     -0.009078      3.098128      0.166902      0.241195      5.965474
     482      1.964400     -0.009078      3.098128      0.166902      0.241195      5.965474
     483      1.957472     -0.008797      3.031823      0.166902      0.241195      5.965474
     484      1.957472     -0.008797      3.031823      0.166902      0.241195      5.965474
     485      1.957472     -0.008797      3.031823      0.166902      0.241195      5.965474
     486      1.957472     -0.008797      3.031823      0.166902      0.241195      5.965474
     487      1.950543     -0.008516      2.965518      0.166902      0.241195      5.965474
     488      1.950543     -0.008516      2.965518      0.166902      0.241195      5.965474
     489      1.950543     -0.008516      2.965518      0.166902      0.241195      5.965474
     490      1.943614     -0.008236      2.899213      0.166902      0.241195      5.965474
     491      1.943614     -0.008236      2.899213      0.166902      0.241195      5.965474
     492      1.943614     -0.008236      2.899213      0.166902      0.241195      5.965474
     493      1.943614     -0.008236      2.899213      0.166902      0.241195      5.965474
     494      1.936686     -0.007955      2.832908      0.166902      0.241195      5.965474
     495      1.936686     -0.007955      2.832908      0.166902      0.241195      5.965474
     496      1.936686     -0.007955      2.832908      0.166902      0.241195      5.965474
     497      1.929757     -0.007674      2.766603      0.166902      0.241195      5.965474
     498      1.929757     -0.007674      2.766603      0.166902      0.241195      5.965474
     499      1.929757     -0.007674      2.766603      0.166902      0.241195      5.965474
     500      1.929757     -0.007674      2.766603      0.166902      0.241195      5.965474
     501      1.922829     -0.007394      2.700298      0.166902      0.241195      5.965474
     502      1.922829     -0.007394      2.700298      0.166902      0.241195      5.965474
     503      1.922829     -0.007394      2.700298      0.166902      0.241195      5.965474
     504      1.915900     -0.007113      2.633992      0.166902      0.241195      5.965474
     505      1.915900     -0.007113      2.633992      0.166902      0.241195      5.965474
     506      1.915900     -0.007113      2.633992      0.166902      0.241195      5.965474
     507      1.915900     -0.007113      2.633992      0.166902      0.241195      5.965474
     508      1.908972     -0.006832      2.567687      0.166902      0.241195      5.965474
     509      1.908972     -0.006832      2.567687      0.166902      0.241195      5.965474
     510      1.908972     -0.006832      2.567687      0.166902      0.241195      5.965474
     511      1.908972     -0.006832      2.567687      0.166902      0.241195      5.965474
     512      1.902043     -0.006552      2.501382      0.166902      0.241195      5.965474
     513      1.902043     -0.006552      2.501382      0.166902      0.241195      5.965474
     514      1.902043     -0.006552      2.501382      0.166902      0.241195      5.965474
     515      1.902043     -0.006552      2.501382      0.166902      0.241195      5.965474
     516      1.895115     -0.006271      2.435077      0.166902      0.241195      5.965474
     517      1.895115     -0.006271      2.435077      0.166902      0.241195      5.965474
     518      1.895115     -0.006271      2.435077      0.166902      0.241195      5.965474
     519      1.895115     -0.006271      2.435077      0.166902      0.241195      5.965474
     520      1.888186     -0.005990      2.368772      0.166902      0.241195      5.965474
     521      1.888186     -0.005990      2.368772      0.166902      0.241195      5.965474
     522      1.888186     -0.005990      2.368772      0.166902      0.241195      5.965474
     523      1.888186     -0.005990      2.368772      0.166902      0.241195      5.965474
     524      1.881257     -0.005710      2.302467      0.166902      0.241195      5.965474
     525      1.881257     -0.005710      2.302467      0.166902      0.241195      5.965474
     526      1.881257     -0.005710      2.302467      0.166902      0.241195      5.965474
     527      1.874329     -0.005429      2.236162      0.166902      0.241195      5.965474
     528      1.874329     -0.005429      2.236162      0.166902      0.241195      5.965474
     529      1.874329     -0.005429      2.236162      0.166902      0.241195      5.965474
     530      1.874329     -0.005429      2.236162      0.166902      0.241195      5.965474
     531      1.867400     -0.005149      2.169857      0.166902      0.241195      5.965474
     532      1.867400     -0.005149      2.169857      0.166902      0.241195      5.965474
     533      1.867400     -0.005149      2.169857      0.166902      0.241195      5.965474
     534      1.867400     -0.005149      2.169857      0.166902      0.241195      5.965474
     535      1.860472     -0.004868      2.103552      0.166902      0.241195      5.965474
     536      1.860472     -0.004868      2.103552      0.166902      0.241195      5.965474
     537      1.860472     -0.004868      2.103552      0.166902      0.241195      5.965474
     538      1.860472     -0.004868      2.103552      0.166902      0.241195      5.965474
     539      1.853543     -0.004587      2.037247      0.166902      0.241195      5.965474
     540      1.853543     -0.004587      2.037247      0.166902      0.241195      5.965474
     541      1.853543     -0.004587      2.037247      0.166902      0.241195      5.965474
     542      1.846615     -0.004307      1.970942      0.166902      0.241195      5.965474
     543      1.846615     -0.004307      1.970942      0.166902      0.241195      5.965474
     544      1.846615     -0.004307      1.970942      0.166902      0.241195      5.965474
     545      1.846615     -0.004307      1.970942      0.166902      0.241195      5.965474
     546      1.846615     -0.004307      1.970942      0.179296      0.232130      8.965486
     547      1.846615     -0.004307      1.970942      0.179296      0.232130      8.965486
     548      1.846615     -0.004307      1.970942      0.179296      0.232130      8.965486
     549      1.846615     -0.004307      1.970942      0.179296      0.232130      8.965486
     550      1.846615     -0.004307      1.970942      0.191199      0.222428     11.965494
     551      1.846615     -0.004307      1.970942      0.191199      0.222428     11.965494
     552      1.846615     -0.004307      1.970942      0.191199      0.222428     11.965494
     553      1.846615     -0.004307      1.970942      0.202578      0.212117     14.965497
     554      1.846615     -0.004307      1.970942      0.202578      0.212117     14.965497
     555      1.846615     -0.004307      1.970942      0.202578      0.212117     14.965497
     556      1.846615     -0.004307      1.970942      0.213402      0.201224     17.965497
     557      1.846615     -0.004307      1.970942      0.213402      0.201224     17.965497
     558      1.846615     -0.004307      1.970942      0.213402      0.201224     17.965497
     559      1.846615     -0.004307      1.970942      0.213402      0.201224     17.965497
     560      1.846615     -0.004307      1.970942      0.223641      0.189780     20.965493
     561      1.846615     -0.004307      1.970942      0.223641      0.189780     20.965493
     562      1.846615     -0.004307      1.970942      0.223641      0.189780     20.965493
     563      1.846615     -0.004307      1.970942      0.233266      0.177815     23.965484
     564      1.846615     -0.004307      1.970942      0.233266      0.177815     23.965484
     565      1.846615     -0.004307      1.970942      0.233266      0.177815     23.965484
     566      1.846615     -0.004307      1.970942      0.233266      0.177815     23.965484
     567      1.846615     -0.004307      1.970942      0.242253      0.165363     26.965472
     568      1.846615     -0.004307      1.970942      0.242253      0.165363     26.965472
     569      1.846615     -0.004307      1.970942      0.242253      0.165363     26.965472
     570      1.846615     -0.004307      1.970942      0.250575      0.152458     29.965456
     571      1.846615     -0.004307      1.970942      0.250575      0.152458     29.965456
     572      1.846615     -0.004307      1.970942      0.250575      0.152458     29.965456
     573      1.846615     -0.004307      1.970942      0.250575      0.152458     29.965456
     574      1.846615     -0.004307      1.970942      0.258211      0.139135     32.965436
     575      1.846615     -0.004307      1.970942      0.258211      0.139135     32.965436
     576      1.846615     -0.004307      1.970942      0.258211      0.139135     32.965436
     577      1.846615     -0.004307      1.970942      0.265139      0.125431     35.965413
     578      1.846615     -0.004307      1.970942      0.265139      0.125431     35.965413
     579      1.846615     -0.004307      1.970942      0.265139      0.125431     35.965413
     580      1.846615     -0.004307      1.970942      0.265139      0.125431     35.965413
     581      1.846615     -0.004307      1.970942      0.271340      0.111383     38.965386
     582      1.846615     -0.004307      1.970942      0.271340      0.111383     38.965386
     583      1.846615     -0.004307      1.970942      0.271340      0.111383     38.965386
     584      1.846615     -0.004307      1.970942      0.276797      0.097029     41.965357
     585      1.846615     -0.004307      1.970942      0.276797      0.097029     41.965357
     586      1.846615     -0.004307      1.970942      0.276797      0.097029     41.965357
     587      1.846615     -0.004307      1.970942      0.276797      0.097029     41.965357
     588      1.846615     -0.004307      1.970942      0.281496      0.082410     44.965325
     589      1.846615     -0.004307      1.970942      0.281496      0.082410     44.965325
     590      1.846615     -0.004307      1.970942      0.281496      0.082410     44.965325
     591      1.846615     -0.004307      1.970942      0.285423      0.067565     47.965291
     592      1.846615     -0.004307      1.970942      0.285423      0.067565     47.965291
     593      1.846615     -0.004307      1.970942      0.285423      0.067565     47.965291
     594      1.846615     -0.004307      1.970942      0.288568      0.052534     50.965255
     595      1.846615     -0.004307      1.970942      0.288568      0.052534     50.965255
     596      1.846615     -0.004307      1.970942      0.288568      0.052534     50.965255
     597      1.846615     -0.004307      1.970942      0.288568      0.052534     50.965255
     598      1.846615     -0.004307      1.970942      0.290922      0.037360     53.965217
     599      1.846615     -0.004307      1.970942      0.290922      0.037360     53.965217
     600      1.846615     -0.004307      1.970942      0.290922      0.037360     53.965217
     601      1.846615     -0.004307      1.970942      0.292478      0.022083     56.965179
     602      1.846615     -0.004307      1.970942      0.292478      0.022083     56.965179
     603      1.846615     -0.004307      1.970942      0.292478      0.022083     56.965179
     604      1.846615     -0.004307      1.970942      0.293233      0.006746     59.965140
     605      1.846615     -0.004307      1.970942      0.293233      0.006746     59.965140
     606      1.846615     -0.004307      1.970942      0.293233      0.006746     59.965140
     607      1.846615     -0.004307      1.970942      0.293233      0.006746     59.965140
     608      1.846615     -0.004307      1.970942      0.293185     -0.008610     62.965100
     609      1.846615     -0.004307      1.970942      0.293185     -0.008610     62.965100
     610      1.846615     -0.004307      1.970942      0.293185     -0.008610     62.965100
     611      1.846615     -0.004307      1.970942      0.292332     -0.023942     65.965061
     612      1.846615     -0.004307      1.970942      0.292332     -0.023942     65.965061
     613      1.846615     -0.004307      1.970942      0.292332     -0.023942     65.965061
     614      1.846615     -0.004307      1.970942      0.290678     -0.039209     68.965023
     615      1.846615     -0.004307      1.970942      0.290678     -0.039209     68.965023
     616      1.846615     -0.004307      1.970942      0.290678     -0.039209     68.965023
     617      1.846615     -0.004307      1.970942      0.288228     -0.054368     71.964986
     618      1.846615     -0.004307      1.970942      0.288228     -0.054368     71.964986
     619      1.846615     -0.004307      1.970942      0.288228     -0.054368     71.964986
     620      1.846615     -0.004307      1.970942      0.284988     -0.069378     74.964950
     621      1.846615     -0.004307      1.970942      0.284988     -0.069378     74.964950
     622      1.846615     -0.004307      1.970942      0.284988     -0.069378     74.964950
     623      1.846615     -0.004307      1.970942      0.280966     -0.084198     77.964916
     624      1.846615     -0.004307      1.970942      0.280966     -0.084198     77.964916
     625      1.846615     -0.004307      1.970942      0.280966     -0.084198     77.964916
     626      1.846615     -0.004307      1.970942      0.276175     -0.098787     80.964884
     627      1.846615     -0.004307      1.970942      0.276175     -0.098787     80.964884
     628      1.846615     -0.004307      1.970942      0.276175     -0.098787     80.964884
     629      1.846615     -0.004307      1.970942      0.270626     -0.113106     83.964855
     630      1.846615     -0.004307      1.970942      0.270626     -0.113106     83.964855
     631      1.846615     -0.004307      1.970942      0.270626     -0.113106     83.964855
     632      1.846615     -0.004307      1.970942      0.264336     -0.127114     86.964829
     633      1.846615     -0.004307      1.970942      0.264336     -0.127114     86.964829
     634      1.846615     -0.004307      1.970942      0.264336     -0.127114     86.964829
     635      1.846615     -0.004307      1.970942      0.257321     -0.140774     89.964806
     636      1.846615     -0.004307      1.970942      0.257321     -0.140774     89.964806
     637      1.846615     -0.004307      1.970942      0.257321     -0.140774     89.964806
     638      1.846615     -0.004307      1.970942      0.249601     -0.154048     92.964787
     639      1.846615     -0.004307      1.970942      0.249601     -0.154048     92.964787
     640      1.846615     -0.004307      1.970942      0.249601     -0.154048     92.964787
     641      1.846615     -0.004307      1.970942      0.241196     -0.166900     95.964771
     642      1.846615     -0.004307      1.970942      0.241196     -0.166900     95.964771
     643      1.846615     -0.004307      1.970942      0.241196     -0.166900     95.964771
     644      1.846615     -0.004307      1.970942      0.232131     -0.179295     98.964759
     645      1.846615     -0.004307      1.970942      0.232131     -0.179295     98.964759
     646      1.846615     -0.004307      1.970942      0.232131     -0.179295     98.964759
     647      1.780763     -0.004515      1.981330      0.232131     -0.179295     98.964759
     648      1.780763     -0.004515      1.981330      0.232131     -0.179295     98.964759
     649      1.714911     -0.004724      1.991719      0.232131     -0.179295     98.964759
     650      1.714911     -0.004724      1.991719      0.232131     -0.179295     98.964759
     651      1.714911     -0.004724      1.991719      0.232131     -0.179295     98.964759
     652      1.649059     -0.004932      2.002107      0.232131     -0.179295     98.964759
     653      1.649059     -0.004932      2.002107      0.232131     -0.179295     98.964759
     654      1.649059     -0.004932      2.002107      0.232131     -0.179295     98.964759
     655      1.583207     -0.005141      2.012496      0.232131     -0.179295     98.964759
     656      1.583207     -0.005141      2.012496      0.232131     -0.179295     98.964759
     657      1.583207     -0.005141      2.012496      0.232131     -0.179295     98.964759
     658      1.517355     -0.005350      2.022884      0.232131     -0.179295     98.964759
     659      1.517355     -0.005350      2.022884      0.232131     -0.179295     98.964759
     660      1.451503     -0.005558      2.033272      0.232131     -0.179295     98.964759
     661      1.451503     -0.005558      2.033272      0.232131     -0.179295     98.964759
     662      1.451503     -0.005558      2.033272      0.232131     -0.179295     98.964759
     663      1.385651     -0.005767      2.043661      0.232131     -0.179295     98.964759
     664      1.385651     -0.005767      2.043661      0.232131     -0.179295     98.964759
     665      1.385651     -0.005767      2.043661      0.232131     -0.179295     98.964759
     666      1.319799     -0.005976      2.054049      0.232131     -0.179295     98.964759
     667      1.319799     -0.005976      2.054049      0.232131     -0.179295     98.964759
     668      1.319799     -0.005976      2.054049      0.232131     -0.179295     98.964759
     669      1.253947     -0.006184      2.064438      0.232131     -0.179295     98.964759
     670      1.253947     -0.006184      2.064438      0.232131     -0.179295     98.964759
     671      1.188095     -0.006393      2.074826      0.232131     -0.179295     98.964759
     672      1.188095     -0.006393      2.074826      0.232131     -0.179295     98.964759
     673      1.188095     -0.006393      2.074826      0.232131     -0.179295     98.964759
     674      1.122243     -0.006601      2.085214      0.232131     -0.179295     98.964759
     675      1.122243     -0.006601      2.085214      0.232131     -0.179295     98.964759
     676      1.056391     -0.006810      2.095603      0.232131     -0.179295     98.964759
     677      1.056391     -0.006810      2.095603      0.232131     -0.179295     98.964759
     678      1.056391     -0.006810      2.095603      0.232131     -0.179295     98.964759
     679      0.990539     -0.007019      2.105991      0.232131     -0.179295     98.964759
     680      0.990539     -0.007019      2.105991      0.232131     -0.179295     98.964759
     681      0.990539     -0.007019      2.105991      0.232131     -0.179295     98.964759
     682      0.924687     -0.007227      2.116380      0.232131     -0.179295     98.964759
     683      0.924687     -0.007227      2.116380      0.232131     -0.179295     98.964759
     684      0.858835     -0.007436      2.126768      0.232131     -0.179295     98.964759
     685      0.858835     -0.007436      2.126768      0.232131     -0.179295     98.964759
     686      0.858835     -0.007436      2.126768      0.232131     -0.179295     98.964759
     687      0.792983     -0.007645      2.137156      0.232131     -0.179295     98.964759
     688      0.792983     -0.007645      2.137156      0.232131     -0.179295     98.964759
     689      0.727131     -0.007853      2.147545      0.232131     -0.179295     98.964759
     690      0.727131     -0.007853      2.147545      0.232131     -0.179295     98.964759
     691      0.661279     -0.008062      2.157933      0.232131     -0.179295     98.964759
     692      0.661279     -0.008062      2.157933      0.232131     -0.179295     98.964759
     693      0.595427     -0.008270      2.168322      0.232131     -0.179295     98.964759
     694      0.595427     -0.008270      2.168322      0.232131     -0.179295     98.964759
     695      0.595427     -0.008270      2.168322      0.232131     -0.179295     98.964759
     696      0.529575     -0.008479      2.178710      0.232131     -0.179295     98.964759
     697      0.529575     -0.008479      2.178710      0.232131     -0.179295     98.964759
     698      0.463723     -0.008688      2.189099      0.232131     -0.179295     98.964759
     699      0.463723     -0.008688      2.189099      0.232131     -0.179295     98.964759
     700      0.397871     -0.008896      2.199487      0.232131     -0.179295     98.964759
     701      0.397871     -0.008896      2.199487      0.232131     -0.179295     98.964759
     702      0.397871     -0.008896      2.199487      0.232131     -0.179295     98.964759
     703      0.332019     -0.009105      2.209875      0.232131     -0.179295     98.964759
     704      0.332019     -0.009105      2.209875      0.232131     -0.179295     98.964759
     705      0.266167     -0.009313      2.220264      0.232131     -0.179295     98.964759
     706      0.266167     -0.009313      2.220264      0.232131     -0.179295     98.964759
     707      0.200316     -0.009522      2.230652      0.232131     -0.179295     98.964759
     708      0.200316     -0.009522      2.230652      0.232131     -0.179295     98.964759
     709      0.200316     -0.009522      2.230652      0.232131     -0.179295     98.964759
     710      0.134464     -0.009731      2.241041      0.232131     -0.179295     98.964759
     711      0.134464     -0.009731      2.241041      0.232131     -0.179295     98.964759
     712      0.068612     -0.009939      2.251429      0.232131     -0.179295     98.964759
     713      0.068612     -0.009939      2.251429      0.232131     -0.179295     98.964759
     714      0.068612     -0.009939      2.251429      0.232131     -0.179295     98.964759
     715      0.002760     -0.010148      2.261817      0.232131     -0.179295     98.964759
     716      0.002760     -0.010148      2.261817      0.232131     -0.179295     98.964759
     717     -0.063092     -0.010357      2.272206      0.232131     -0.179295     98.964759
     718     -0.063092     -0.010357      2.272206      0.232131     -0.179295     98.964759
     719     -0.063092     -0.010357      2.272206      0.232131     -0.179295     98.964759
     720     -0.128944     -0.010565      2.282594      0.232131     -0.179295     98.964759
     721     -0.128944     -0.010565      2.282594      0.232131     -0.179295     98.964759
     722     -0.194796     -0.010774      2.292983      0.232131     -0.179295     98.964759
     723     -0.194796     -0.010774      2.292983      0.232131     -0.179295     98.964759
     724     -0.194796     -0.010774      2.292983      0.232131     -0.179295     98.964759
     725     -0.194796     -0.010774      2.292983      0.222429     -0.191198    101.964751
     726     -0.194796     -0.010774      2.292983      0.222429     -0.191198    101.964751
     727     -0.194796     -0.010774      2.292983      0.212118     -0.202577    104.964747
     728     -0.194796     -0.010774      2.292983      0.212118     -0.202577    104.964747
     729     -0.194796     -0.010774      2.292983      0.201225     -0.213401    107.964748
     730     -0.194796     -0.010774      2.292983      0.201225     -0.213401    107.964748
     731     -0.194796     -0.010774      2.292983      0.201225     -0.213401    107.964748
     732     -0.194796     -0.010774      2.292983      0.189781     -0.223640    110.964752
     733     -0.194796     -0.010774      2.292983      0.189781     -0.223640    110.964752
     734     -0.194796     -0.010774      2.292983      0.177817     -0.233265    113.964761
     735     -0.194796     -0.010774      2.292983      0.177817     -0.233265    113.964761
     736     -0.194796     -0.010774      2.292983      0.165365     -0.242252    116.964773
     737     -0.194796     -0.010774      2.292983      0.165365     -0.242252    116.964773
     738     -0.194796     -0.010774      2.292983      0.152460     -0.250574    119.964789
     739     -0.194796     -0.010774      2.292983      0.152460     -0.250574    119.964789
     740     -0.194796     -0.010774      2.292983      0.139137     -0.258210    122.964809
     741     -0.194796     -0.010774      2.292983      0.139137     -0.258210    122.964809
     742     -0.194796     -0.010774      2.292983      0.139137     -0.258210    122.964809
     743     -0.194796     -0.010774      2.292983      0.125432     -0.265138    125.964832
     744     -0.194796     -0.010774      2.292983      0.125432     -0.265138    125.964832
     745     -0.194796     -0.010774      2.292983      0.111384     -0.271339    128.964859
     746     -0.194796     -0.010774      2.292983      0.111384     -0.271339    128.964859
     747     -0.194796     -0.010774      2.292983      0.097030     -0.276797    131.964888
     748     -0.194796     -0.010774      2.292983      0.097030     -0.276797    131.964888
     749     -0.194796     -0.010774      2.292983      0.097030     -0.276797    131.964888
     750     -0.194796     -0.010774      2.292983      0.082411     -0.281496    134.964920
     751     -0.194796     -0.010774      2.292983      0.067565     -0.285423    137.964954
     752     -0.194796     -0.010774      2.292983      0.067565     -0.285423    137.964954
     753     -0.194796     -0.010774      2.292983      0.052535     -0.288568    140.964990
     754     -0.194796     -0.010774      2.292983      0.052535     -0.288568    140.964990
     755     -0.194796     -0.010774      2.292983      0.037360     -0.290922    143.965028
     756     -0.194796     -0.010774      2.292983      0.037360     -0.290922    143.965028
     757     -0.194796     -0.010774      2.292983      0.022083     -0.292478    146.965066
     758     -0.194796     -0.010774      2.292983      0.022083     -0.292478    146.965066
     759     -0.194796     -0.010774      2.292983      0.006746     -0.293233    149.965105
     760     -0.194796     -0.010774      2.292983      0.006746     -0.293233    149.965105
     761     -0.194796     -0.010774      2.292983     -0.008610     -0.293185    152.965145
     762     -0.194796     -0.010774      2.292983     -0.008610     -0.293185    152.965145
     763     -0.194796     -0.010774      2.292983     -0.008610     -0.293185    152.965145
     764     -0.194796     -0.010774      2.292983     -0.023943     -0.292332    155.965184
     765     -0.194796     -0.010774      2.292983     -0.023943     -0.292332    155.965184
     766     -0.194796     -0.010774      2.292983     -0.039210     -0.290678    158.965222
     767     -0.194796     -0.010774      2.292983     -0.039210     -0.290678    158.965222
     768     -0.194796     -0.010774      2.292983     -0.054369     -0.288228    161.965259
     769     -0.194796     -0.010774      2.292983     -0.054369     -0.288228    161.965259
     770     -0.194796     -0.010774      2.292983     -0.054369     -0.288228    161.965259
     771     -0.194796     -0.010774      2.292983     -0.069379     -0.284987    164.965295
     772     -0.194796     -0.010774      2.292983     -0.069379     -0.284987    164.965295
     773     -0.194796     -0.010774      2.292983     -0.084199     -0.280966    167.965329
     774     -0.194796     -0.010774      2.292983     -0.084199     -0.280966    167.965329
     775     -0.194796     -0.010774      2.292983     -0.084199     -0.280966    167.965329
     776     -0.194796     -0.010774      2.292983     -0.098789     -0.276174    170.965361
     777     -0.194796     -0.010774      2.292983     -0.098789     -0.276174    170.965361
     778     -0.194796     -0.010774      2.292983     -0.113107     -0.270626    173.965390
     779     -0.194796     -0.010774      2.292983     -0.113107     -0.270626    173.965390
     780     -0.194796     -0.010774      2.292983     -0.113107     -0.270626    173.965390
     781     -0.194796     -0.010774      2.292983     -0.127116     -0.264335    176.965416
     782     -0.194796     -0.010774      2.292983     -0.127116     -0.264335    176.965416
     783     -0.194796     -0.010774      2.292983     -0.140776     -0.257320    179.965439
     784     -0.194796     -0.010774      2.292983     -0.140776     -0.257320    179.965439
     785     -0.194796     -0.010774      2.292983     -0.140776     -0.257320    179.965439
     786     -0.194796     -0.010774      2.292983     -0.154050     -0.249600   -177.034542
     787     -0.194796     -0.010774      2.292983     -0.154050     -0.249600   -177.034542
     788     -0.194796     -0.010774      2.292983     -0.154050     -0.249600   -177.034542
     789     -0.194796     -0.010774      2.292983     -0.166902     -0.241195   -174.034526
     790     -0.194796     -0.010774      2.292983     -0.166902     -0.241195   -174.034526
     791     -0.194796     -0.010774      2.292983     -0.179296     -0.232130   -171.034514
     792     -0.194796     -0.010774      2.292983     -0.179296     -0.232130   -171.034514
     793     -0.194796     -0.010774      2.292983     -0.179296     -0.232130   -171.034514
     794     -0.194796     -0.010774      2.292983     -0.191199     -0.222428   -168.034506
     795     -0.194796     -0.010774      2.292983     -0.191199     -0.222428   -168.034506
     796     -0.194796     -0.010774      2.292983     -0.191199     -0.222428   -168.034506
     797     -0.194796     -0.010774      2.292983     -0.191199     -0.222428   -168.034506
     798     -0.194796     -0.010774      2.292983     -0.191199     -0.222428   -168.034506
     799     -0.194796     -0.010774      2.292983     -0.191199     -0.222428   -168.034506
     800     -0.194796     -0.010774      2.292983     -0.191199     -0.222428   -168.034506
     801     -0.194796     -0.010774      2.292983     -0.191199     -0.222428   -168.034506
     802     -0.194796     -0.010774      2.292983     -0.191199     -0.222428   -168.034506
     803     -0.194796     -0.010774      2.292983     -0.191199     -0.222428   -168.034506
     804     -0.194796     -0.010774      2.292983     -0.191199     -0.222428   -168.034506
     805     -0.194796     -0.010774      2.292983     -0.191199     -0.222428   -168.034506
     806     -0.194796     -0.010774      2.292983     -0.191199     -0.222428   -168.034506
     807     -0.194796     -0.010774      2.292983     -0.191199     -0.222428   -168.034506
     808     -0.194796     -0.010774      2.292983     -0.191199     -0.222428   -168.034506
     809     -0.194796     -0.010774      2.292983     -0.191199     -0.222428   -168.034506
     810     -0.194796     -0.010774      2.292983     -0.191199     -0.222428   -168.034506
     811     -0.194796     -0.010774      2.292983     -0.191199     -0.222428   -168.034506
     812     -0.194796     -0.010774      2.292983     -0.191199     -0.222428   -168.034506
     813     -0.194796     -0.010774      2.292983     -0.191199     -0.222428   -168.034506
     814     -0.194796     -0.010774      2.292983     -0.191199     -0.222428   -168.034506
     815     -0.194796     -0.010774      2.292983     -0.191199     -0.222428   -168.034506
     816     -0.194796     -0.010774      2.292983     -0.191199     -0.222428   -168.034506
     817     -0.194796     -0.010774      2.292983     -0.191199     -0.222428   -168.034506
     818     -0.194796     -0.010774      2.292983     -0.191199     -0.222428   -168.034506
     819     -0.194796     -0.010774      2.292983     -0.191199     -0.222428   -168.034506
     820     -0.194796     -0.010774      2.292983     -0.191199     -0.222428   -168.034506
     821     -0.194796     -0.010774      2.292983     -0.191199     -0.222428   -168.034506
     822     -0.194796     -0.010774      2.292983     -0.191199     -0.222428   -168.034506
     823     -0.194796     -0.010774      2.292983     -0.191199     -0.222428   -168.034506
     824     -0.194796     -0.010774      2.292983     -0.191199     -0.222428   -168.034506
     825     -0.194796     -0.010774      2.292983     -0.191199     -0.222428   -168.034506
     826     -0.194796     -0.010774      2.292983     -0.191199     -0.222428   -168.034506
     827     -0.194796     -0.010774      2.292983     -0.191199     -0.222428   -168.034506
     828     -0.194796     -0.010774      2.292983     -0.191199     -0.222428   -168.034506
     829     -0.194796     -0.010774      2.292983     -0.191199     -0.222428   -168.034506
     830     -0.194796     -0.010774      2.292983     -0.191199     -0.222428   -168.034506
     831     -0.194796     -0.010774      2.292983     -0.191199     -0.222428   -168.034506
     832     -0.194796     -0.010774      2.292983     -0.191199     -0.222428   -168.034506
     833     -0.194796     -0.010774      2.292983     -0.191199     -0.222428   -168.034506
     834     -0.194796     -0.010774      2.292983     -0.191199     -0.222428   -168.034506
     835     -0.194796     -0.010774      2.292983     -0.191199     -0.222428   -168.034506
     836     -0.194796     -0.010774      2.292983     -0.191199     -0.222428   -168.034506
     837     -0.194796     -0.010774      2.292983     -0.191199     -0.222428   -168.034506
     838     -0.194796     -0.010774      2.292983     -0.191199     -0.222428   -168.034506
     839     -0.194796     -0.010774      2.292983     -0.191199     -0.222428   -168.034506
     840     -0.194796     -0.010774      2.292983     -0.191199     -0.222428   -168.034506
     841     -0.194796     -0.010774      2.292983     -0.191199     -0.222428   -168.034506
     842     -0.194796     -0.010774      2.292983     -0.191199     -0.222428   -168.034506
     843     -0.194796     -0.010774      2.292983     -0.191199     -0.222428   -168.034506
     844     -0.194796     -0.010774      2.292983     -0.191199     -0.222428   -168.034506
     845     -0.194796     -0.010774      2.292983     -0.191199     -0.222428   -168.034506
     846     -0.194796     -0.010774      2.292983     -0.191199     -0.222428   -168.034506
     847     -0.194796     -0.010774      2.292983     -0.191199     -0.222428   -168.034506
     848     -0.194796     -0.010774      2.292983     -0.191199     -0.222428   -168.034506
     849     -0.194796     -0.010774      2.292983     -0.191199     -0.222428   -168.034506
     850     -0.194796     -0.010774      2.292983     -0.191199     -0.222428   -168.034506
     851     -0.194796     -0.010774      2.292983     -0.191199     -0.222428   -168.034506
     852     -0.194796     -0.010774      2.292983     -0.191199     -0.222428   -168.034506
     853     -0.194796     -0.010774      2.292983     -0.191199     -0.222428   -168.034506
     854     -0.194796     -0.010774      2.292983     -0.191199     -0.222428   -168.034506
     855     -0.194796     -0.010774      2.292983     -0.191199     -0.222428   -168.034506
     856     -0.194796     -0.010774      2.292983     -0.191199     -0.222428   -168.034506
     857     -0.194796     -0.010774      2.292983     -0.191199     -0.222428   -168.034506
     858     -0.194796     -0.010774      2.292983     -0.191199     -0.222428   -168.034506
     859     -0.194796     -0.010774      2.292983     -0.191199     -0.222428   -168.034506
     860     -0.194796     -0.010774      2.292983     -0.191199     -0.222428   -168.034506
     861     -0.194796     -0.010774      2.292983     -0.191199     -0.222428   -168.034506
     862     -0.194796     -0.010774      2.292983     -0.191199     -0.222428   -168.034506
     863     -0.194796     -0.010774      2.292983     -0.191199     -0.222428   -168.034506
     864     -0.194796     -0.010774      2.292983     -0.191199     -0.222428   -168.034506
     865     -0.194796     -0.010774      2.292983     -0.191199     -0.222428   -168.034506
     866     -0.194796     -0.010774      2.292983     -0.191199     -0.222428   -168.034506
     867     -0.194796     -0.010774      2.292983     -0.191199     -0.222428   -168.034506
     868     -0.194796     -0.010774      2.292983     -0.191199     -0.222428   -168.034506
     869     -0.194796     -0.010774      2.292983     -0.191199     -0.222428   -168.034506
     870     -0.194796     -0.010774      2.292983     -0.191199     -0.222428   -168.034506
     871     -0.194796     -0.010774      2.292983     -0.191199     -0.222428   -168.034506
     872     -0.194796     -0.010774      2.292983     -0.191199     -0.222428   -168.034506
     873     -0.194796     -0.010774      2.292983     -0.191199     -0.222428   -168.034506
     874     -0.194796     -0.010774      2.292983     -0.191199     -0.222428   -168.034506
     875     -0.194796     -0.010774      2.292983     -0.191199     -0.222428   -168.034506
     876     -0.194796     -0.010774      2.292983     -0.191199     -0.222428   -168.034506
     877     -0.194796     -0.010774      2.292983     -0.191199     -0.222428   -168.034506
     878     -0.194796     -0.010774      2.292983     -0.191199     -0.222428   -168.034506
     879     -0.194796     -0.010774      2.292983     -0.191199     -0.222428   -168.034506